   3.3903000e+04
   3.3811000e+04
   3.3759000e+04
   3.3603000e+04
   3.3295000e+04
   3.2639000e+04
   3.2003000e+04
   3.1807000e+04
   3.1699000e+04
   3.1711000e+04
   3.1743000e+04
   3.1755000e+04
   3.1791000e+04
   3.1799000e+04
   3.2259000e+04
   3.2823000e+04
   3.3247000e+04
   3.3575000e+04
   3.3847000e+04
   3.3851000e+04
   3.3955000e+04
   3.3831000e+04
   3.3667000e+04
   3.3139000e+04
   3.2691000e+04
   3.2355000e+04
   3.2011000e+04
   3.1879000e+04
   3.1783000e+04
   3.1739000e+04
   3.1767000e+04
   3.1815000e+04
   3.2287000e+04
   3.2931000e+04
   3.3327000e+04
   3.3611000e+04
   3.3803000e+04
   3.3819000e+04
   3.3919000e+04
   3.3791000e+04
   3.3727000e+04
   3.3511000e+04
   3.3339000e+04
   3.2947000e+04
   3.2427000e+04
   3.1983000e+04
   3.1811000e+04
   3.1703000e+04
   3.1591000e+04
   3.1623000e+04
   3.1611000e+04
   3.1659000e+04
   3.1743000e+04
   3.2323000e+04
   3.2863000e+04
   3.3267000e+04
   3.3527000e+04
   3.3811000e+04
   3.3859000e+04
   3.3755000e+04
   3.3675000e+04
   3.3375000e+04
   3.3011000e+04
   3.2447000e+04
   3.2143000e+04
   3.1919000e+04
   3.1855000e+04
   3.1751000e+04
   3.1759000e+04
   3.1851000e+04
   3.2303000e+04
   3.2923000e+04
   3.3255000e+04
   3.3551000e+04
   3.3755000e+04
   3.3915000e+04
   3.3859000e+04
   3.3855000e+04
   3.3695000e+04
   3.3415000e+04
   3.2767000e+04
   3.2259000e+04
   3.1935000e+04
   3.1731000e+04
   3.1751000e+04
   3.1687000e+04
   3.1767000e+04
   3.1803000e+04
   3.2435000e+04
   3.2903000e+04
   3.3291000e+04
   3.3555000e+04
   3.3787000e+04
   3.3743000e+04
   3.3815000e+04
   3.3699000e+04
   3.3483000e+04
   3.2939000e+04
   3.2435000e+04
   3.2103000e+04
   3.1855000e+04
   3.1819000e+04
   3.1727000e+04
   3.1727000e+04
   3.1691000e+04
   3.2063000e+04
   3.2679000e+04
   3.3131000e+04
   3.3443000e+04
   3.3639000e+04
   3.3659000e+04
   3.3807000e+04
   3.3831000e+04
   3.3735000e+04
   3.3299000e+04
   3.2787000e+04
   3.2163000e+04
   3.1903000e+04
   3.1803000e+04
   3.1751000e+04
   3.1751000e+04
   3.1747000e+04
   3.1819000e+04
   3.1815000e+04
   3.2335000e+04
   3.2871000e+04
   3.3299000e+04
   3.3559000e+04
   3.3807000e+04
   3.3915000e+04
   3.4031000e+04
   3.3955000e+04
   3.3847000e+04
   3.3587000e+04
   3.3111000e+04
   3.2435000e+04
   3.1991000e+04
   3.1783000e+04
   3.1755000e+04
   3.1739000e+04
   3.1763000e+04
   3.1775000e+04
   3.1811000e+04
   3.2071000e+04
   3.2707000e+04
   3.3143000e+04
   3.3527000e+04
   3.3719000e+04
   3.3827000e+04
   3.3931000e+04
   3.3819000e+04
   3.3379000e+04
   3.2595000e+04
   3.2103000e+04
   3.1815000e+04
   3.1807000e+04
   3.1831000e+04
   3.1859000e+04
   3.1883000e+04
   3.2319000e+04
   3.2779000e+04
   3.3195000e+04
   3.3523000e+04
   3.3827000e+04
   3.3783000e+04
   3.3639000e+04
   3.3227000e+04
   3.2423000e+04
   3.2051000e+04
   3.1891000e+04
   3.1875000e+04
   3.1843000e+04
   3.1907000e+04
   3.2199000e+04
   3.2763000e+04
   3.3275000e+04
   3.3699000e+04
   3.3799000e+04
   3.3943000e+04
   3.3907000e+04
   3.3747000e+04
   3.3303000e+04
   3.2651000e+04
   3.2103000e+04
   3.1887000e+04
   3.1895000e+04
   3.1855000e+04
   3.1875000e+04
   3.1927000e+04
   3.1971000e+04
   3.1951000e+04
   3.2303000e+04
   3.2895000e+04
   3.3375000e+04
   3.3699000e+04
   3.3839000e+04
   3.4011000e+04
   3.4047000e+04
   3.4015000e+04
   3.3743000e+04
   3.3407000e+04
   3.2767000e+04
   3.2331000e+04
   3.2071000e+04
   3.1959000e+04
   3.1923000e+04
   3.1883000e+04
   3.1923000e+04
   3.1955000e+04
   3.2627000e+04
   3.3111000e+04
   3.3491000e+04
   3.3695000e+04
   3.3899000e+04
   3.3967000e+04
   3.3947000e+04
   3.3707000e+04
   3.3511000e+04
   3.3071000e+04
   3.2647000e+04
   3.2207000e+04
   3.2055000e+04
   3.1999000e+04
   3.1911000e+04
   3.1891000e+04
   3.1807000e+04
   3.1835000e+04
   3.1875000e+04
   3.1943000e+04
   3.2183000e+04
   3.2871000e+04
   3.3311000e+04
   3.3607000e+04
   3.3847000e+04
   3.3911000e+04
   3.4031000e+04
   3.3963000e+04
   3.3855000e+04
   3.3539000e+04
   3.3087000e+04
   3.2547000e+04
   3.2187000e+04
   3.1935000e+04
   3.1847000e+04
   3.1819000e+04
   3.1743000e+04
   3.1755000e+04
   3.1763000e+04
   3.2071000e+04
   3.2783000e+04
   3.3311000e+04
   3.3511000e+04
   3.3711000e+04
   3.3843000e+04
   3.3995000e+04
   3.3819000e+04
   3.3659000e+04
   3.3391000e+04
   3.2915000e+04
   3.2403000e+04
   3.2031000e+04
   3.1823000e+04
   3.1695000e+04
   3.1687000e+04
   3.1695000e+04
   3.1739000e+04
   3.1859000e+04
   3.2599000e+04
   3.3015000e+04
   3.3371000e+04
   3.3643000e+04
   3.3871000e+04
   3.3887000e+04
   3.3795000e+04
   3.3739000e+04
   3.3467000e+04
   3.3151000e+04
   3.2727000e+04
   3.2379000e+04
   3.2035000e+04
   3.1887000e+04
   3.1783000e+04
   3.1715000e+04
   3.1707000e+04
   3.1743000e+04
   3.1943000e+04
   3.2659000e+04
   3.3135000e+04
   3.3519000e+04
   3.3759000e+04
   3.3835000e+04
   3.3931000e+04
   3.3755000e+04
   3.3531000e+04
   3.3119000e+04
   3.2795000e+04
   3.2347000e+04
   3.2091000e+04
   3.1751000e+04
   3.1691000e+04
