-1.28879683852302
-1.28879683852302
-1.28879683852302
-1.28879683852302
-1.28365170706856
-1.27850657561409
-1.27850657561409
-1.27850657561409
-1.27850657561409
-1.28365170706856
-1.28365170706856
-1.28879683852302
-1.29394196997749
-1.30423223288642
-1.30937736434088
-1.30937736434088
-1.29908710143195
-1.28879683852302
-1.27336144415963
-1.25792604979624
-1.25278091834177
-1.25792604979624
-1.26821631270517
-1.27850657561409
-1.27850657561409
-1.26821631270517
-1.25792604979624
-1.24763578688731
-1.24763578688731
-1.25278091834177
-1.26821631270517
-1.27336144415963
-1.27336144415963
-1.26821631270517
-1.25792604979624
-1.24249065543284
-1.24249065543284
-1.24249065543284
-1.25278091834177
-1.27336144415963
-1.29394196997749
-1.31452249579535
-1.32481275870428
-1.31966762724981
-1.30423223288642
-1.27850657561409
-1.26307118125070
-1.25792604979624
-1.25792604979624
-1.26821631270517
-1.26307118125070
-1.24249065543284
-1.20132960379713
-1.13444289488909
-1.05726592307212
-0.974943819800682
-0.892621716529248
-0.820589876166744
-0.769138561622098
-0.722832378531916
-0.691961589805129
-0.661090801078341
-0.630220012351553
-0.594204092170301
-0.553043040534584
-0.501591725989938
-0.439850148536362
-0.367818308173858
-0.300931599265818
-0.239190021812242
-0.192883838722061
-0.162013049995273
-0.141432524177415
-0.125997129814021
-0.100271472541698
-0.0745458152693747
-0.0436750265425870
-0.0128042378157993
0.00777628800205915
0.0283568138199176
0.0489373396377761
0.0746629969100991
0.0952435227279576
0.115824048545816
0.136404574363675
0.156985100181533
0.182710757453856
0.213581546180644
0.254742597816361
0.290758517997613
0.316484175269936
0.337064701087794
0.352500095451188
0.373080621269047
0.393661147086905
0.424531935813693
0.450257593086016
0.475983250358339
0.496563776176198
0.522289433448521
0.548015090720844
0.568595616538702
0.589176142356561
0.609756668174419
0.620046931083348
0.635482325446742
0.645772588355671
0.656062851264601
0.666353114173530
0.676643377082459
0.686933639991388
0.707514165809247
0.733239823081570
0.764110611808358
0.789836269080681
0.815561926353004
0.830997320716397
0.846432715079791
0.861868109443185
0.877303503806579
0.897884029624438
0.923609686896761
0.939045081260154
0.949335344169084
0.954480475623548
0.964770738532477
0.969915869986942
0.985351264350336
1.00593179016819
1.02651231598605
1.04709284180391
1.06767336762177
1.07796363053070
1.08310876198516
1.07796363053070
1.06767336762177
1.06252823616731
1.06767336762177
1.08310876198516
1.11912468216642
1.16028573380213
1.20144678543785
1.23231757416464
1.25289809998250
1.26318836289143
1.26833349434589
1.27347862580035
1.28376888870928
1.29920428307268
1.31978480889054
1.33007507179947
1.33522020325393
1.33007507179947
1.31978480889054
1.30434941452714
1.28891402016375
1.28376888870928
1.28891402016375
1.29920428307268
1.31978480889054
1.33522020325393
1.35065559761732
1.35580072907179
1.35065559761732
1.33522020325393
1.31978480889054
1.30949454598161
1.29920428307268
1.29920428307268
1.30434941452714
1.31978480889054
1.33007507179947
1.33522020325393
1.33522020325393
1.33007507179947
1.32492994034500
1.31978480889054
1.32492994034500
1.33007507179947
1.34036533470839
1.34551046616286
1.35580072907179
1.36609099198072
1.37638125488965
1.39181664925304
1.40210691216197
1.41239717507090
1.41754230652536
1.41754230652536
1.41239717507090
1.41239717507090
1.41754230652536
1.42268743797983
1.42268743797983
1.42268743797983
1.41239717507090
1.39696178070751
1.38667151779858
1.37638125488965
1.37638125488965
1.37123612343518
1.36609099198072
1.35580072907179
1.34551046616286
1.33007507179947
1.31978480889054
1.31463967743607
1.31463967743607
1.30949454598161
1.30434941452714
1.29405915161821
1.28376888870928
1.27347862580035
1.26318836289143
1.24775296852803
1.22717244271017
1.20659191689231
1.18086625961999
1.16543086525660
1.14999547089320
1.14999547089320
1.14485033943874
1.14485033943874
1.13456007652981
1.11912468216642
1.09854415634856
1.07281849907623
1.04194771034945
1.01107692162266
0.980206132895871
0.964770738532477
0.964770738532477
0.975061001441407
0.985351264350336
0.990496395804800
0.985351264350336
0.969915869986942
0.949335344169084
0.933899949805690
0.928754818351225
0.928754818351225
0.933899949805690
0.933899949805690
0.923609686896761
0.903029161078902
0.872158372352114
0.830997320716397
0.789836269080681
0.753820348899428
0.728094691627105
0.707514165809247
0.686933639991388
0.666353114173530
0.645772588355671
0.625192062537813
0.604611536719954
0.578885879447631
0.553160222175308
0.511999170539591
0.460547855994945
0.414241672904764
0.373080621269047
0.352500095451188
0.347354963996724
0.342209832542259
0.326774438178865
0.301048780906542
0.259887729270825
0.218726677635108
0.182710757453856
0.162130231635998
0.141549705818139
0.115824048545816
0.0849532598190284
0.0437922081833114
0.00777628800205915
-0.0282396321791932
-0.0488201579970516
-0.0591104209059808
-0.0694006838149101
-0.0796909467238393
-0.100271472541698
-0.131142261268485
-0.167158181449738
-0.198028970176525
-0.228899758903313
-0.254625416175636
-0.275205941993495
-0.290641336356889
-0.311221862174747
-0.336947519447070
-0.362673176719393
-0.393543965446181
-0.424414754172969
-0.455285542899756
-0.481011200172079
-0.506736857444402
-0.532462514716725
-0.553043040534584
-0.578768697806907
-0.604494355079230
-0.630220012351553
-0.661090801078341
-0.686816458350664
-0.707396984168522
-0.727977509986381
-0.748558035804239
-0.774283693076562
-0.800009350348885
-0.830880139075673
-0.861750927802461
-0.887476585074784
-0.913202242347107
-0.928637636710501
-0.944073031073895
-0.954363293982824
-0.969798688346218
-0.985234082709611
-1.00581460852747
-1.03668539725426
-1.07270131743551
-1.11386236907123
-1.14473315779801
-1.16531368361587
-1.17045881507034
-1.16531368361587
-1.15502342070694
-1.14987828925248
-1.15502342070694
-1.17560394652480
-1.20132960379713
-1.22191012961498
-1.22705526106945
-1.21676499816052
-1.19618447234266
-1.18074907797927
-1.17045881507034
-1.17045881507034
-1.18074907797927
-1.20132960379713
-1.22705526106945
-1.24763578688731
-1.27336144415963
-1.28365170706856
-1.28879683852302
-1.28365170706856
-1.26821631270517
-1.25278091834177
-1.23220039252391
-1.22705526106945
-1.22705526106945
-1.23734552397838
-1.25278091834177
-1.26307118125070
-1.27336144415963
-1.27336144415963
-1.27336144415963
-1.27336144415963
-1.27336144415963
-1.27850657561409
-1.28365170706856
-1.28879683852302
-1.29908710143195
-1.30423223288642
-1.30937736434088
-1.31452249579535
-1.31452249579535
-1.31452249579535
-1.31966762724981
-1.31966762724981
-1.31966762724981
-1.31452249579535
-1.31452249579535
-1.31452249579535
-1.31452249579535
-1.31966762724981
-1.31966762724981
-1.31452249579535
-1.30937736434088
-1.29908710143195
-1.29908710143195
-1.29908710143195
-1.30937736434088
-1.31966762724981
-1.32995789015874
-1.34024815306767
-1.34024815306767
-1.34539328452213
-1.34539328452213
-1.34539328452213
-1.34024815306767
-1.32995789015874
-1.31966762724981
-1.30937736434088
-1.30423223288642
-1.29908710143195
-1.29394196997749
-1.28879683852302
-1.28365170706856
-1.27850657561409
-1.27336144415963
-1.26821631270517
-1.26821631270517
-1.27336144415963
-1.28365170706856
-1.29394196997749
-1.29908710143195
-1.30423223288642
-1.29908710143195
-1.28879683852302
-1.27850657561409
-1.27336144415963
-1.26821631270517
-1.27850657561409
-1.29394196997749
-1.31966762724981
-1.34024815306767
-1.35053841597660
-1.35053841597660
-1.33510302161321
-1.30937736434088
-1.28365170706856
-1.26307118125070
-1.24763578688731
-1.23734552397838
-1.21676499816052
-1.18074907797927
-1.12415263198016
-1.05212079161765
-0.974943819800682
-0.897766847983713
-0.830880139075673
-0.779428824531027
-0.733122641440845
-0.702251852714058
-0.681671326896199
-0.655945669623876
-0.625074880897088
-0.589058960715836
-0.537607646171190
-0.481011200172079
-0.414124491264039
-0.352382913810464
-0.300931599265818
-0.259770547630101
-0.228899758903313
-0.208319233085455
-0.192883838722061
-0.177448444358667
-0.162013049995273
-0.146577655631879
-0.120851998359556
-0.0951263410872331
-0.0591104209059808
-0.0230945007247285
0.00777628800205915
0.0386470767288468
0.0643727340011699
0.0849532598190284
0.105533785636887
0.126114311454745
0.146694837272604
0.172420494544927
0.203291283271715
0.234162071998502
0.265032860725290
0.295903649452078
0.321629306724401
0.337064701087794
0.357645226905653
0.378225752723511
0.403951409995834
0.429677067268158
0.455402724540481
0.475983250358339
0.491418644721733
0.511999170539591
0.527434564902985
0.548015090720844
0.563450485084238
0.578885879447631
0.589176142356561
0.594321273811025
0.604611536719954
0.620046931083348
0.645772588355671
0.676643377082459
0.702369034354782
0.728094691627105
0.743530085990499
0.758965480353893
0.779546006171751
0.800126531989610
0.825852189261933
0.846432715079791
0.861868109443185
0.867013240897650
0.867013240897650
0.872158372352114
0.887593766715508
0.913319423987831
0.939045081260154
0.964770738532477
0.980206132895871
0.995641527259265
1.01107692162266
1.02136718453159
1.02651231598605
1.03680257889498
1.03680257889498
1.03680257889498
1.03680257889498
1.04709284180391
1.07281849907623
1.10883441925749
1.14485033943874
1.18601139107446
1.21688217980124
1.23746270561910
1.25289809998250
1.26833349434589
1.28891402016375
1.30434941452714
1.31978480889054
1.33007507179947
1.33007507179947
1.32492994034500
1.31978480889054
1.30949454598161
1.29920428307268
1.29405915161821
1.29405915161821
1.30434941452714
1.31978480889054
1.34036533470839
1.36094586052625
1.37123612343518
1.37638125488965
1.36609099198072
1.35065559761732
1.33522020325393
1.31978480889054
1.30949454598161
1.30949454598161
1.31978480889054
1.33522020325393
1.34551046616286
1.34551046616286
1.34036533470839
1.33007507179947
1.32492994034500
1.33007507179947
1.34036533470839
1.35065559761732
1.35580072907179
1.35580072907179
1.35065559761732
1.34551046616286
1.35065559761732
1.36094586052625
1.37123612343518
1.37123612343518
1.36094586052625
1.34551046616286
1.33007507179947
1.32492994034500
1.32492994034500
1.32492994034500
1.32492994034500
1.31463967743607
1.30434941452714
1.29920428307268
1.28891402016375
1.27862375725482
1.26833349434589
1.24775296852803
1.23231757416464
1.22202731125571
1.22202731125571
1.22717244271017
1.23231757416464
1.22717244271017
1.21173704834678
1.18601139107446
1.16028573380213
1.13970520798427
1.12426981362088
1.11397955071195
1.09854415634856
1.08310876198516
1.06252823616731
1.04709284180391
1.03165744744052
1.03165744744052
1.03165744744052
1.03165744744052
1.02136718453159
1.00078665871373
0.969915869986942
0.923609686896761
0.877303503806579
0.841287583625327
0.825852189261933
0.825852189261933
0.841287583625327
0.856722977988721
0.867013240897650
0.861868109443185
0.841287583625327
0.810416794898539
0.774400874717287
0.743530085990499
0.722949560172641
0.707514165809247
0.692078771445853
0.681788508536924
0.666353114173530
0.635482325446742
0.594321273811025
0.542869959266379
0.486273513267268
0.439967330177087
0.398806278541370
0.367935489814582
0.347354963996724
0.321629306724401
0.295903649452078
0.259887729270825
0.218726677635108
0.172420494544927
0.120969180000281
0.0643727340011699
0.0129214194565238
-0.0282396321791932
-0.0642555523604455
-0.0848360781783039
-0.100271472541698
-0.120851998359556
-0.151722787086344
-0.187738707267596
-0.228899758903313
-0.264915679084565
-0.300931599265818
-0.336947519447070
-0.372963439628322
-0.403834228355110
-0.429559885627433
-0.450140411445292
-0.465575805808685
-0.481011200172079
-0.501591725989938
-0.527317383262261
-0.553043040534584
-0.578768697806907
-0.604494355079230
-0.625074880897088
-0.650800538169412
-0.671381063987270
-0.697106721259593
-0.717687247077452
-0.733122641440845
-0.753703167258704
-0.769138561622098
-0.794864218894421
-0.815444744712279
-0.830880139075673
-0.841170401984602
-0.846315533439067
-0.851460664893531
-0.866896059256925
-0.882331453620319
-0.902911979438178
-0.923492505256036
-0.933782768164965
-0.944073031073895
-0.954363293982824
-0.959508425437288
-0.969798688346218
-0.980088951255147
-0.990379214164076
-1.00066947707301
-1.01095973998193
-1.02639513434533
-1.03668539725426
-1.05212079161765
-1.06241105452658
-1.07270131743551
-1.08299158034444
-1.09328184325337
-1.10871723761676
-1.13444289488909
-1.16531368361587
-1.19103934088820
-1.21161986670605
-1.21676499816052
-1.21161986670605
-1.19618447234266
-1.18074907797927
-1.18074907797927
-1.18589420943373
